-0.08307263730334469, 0.4518397120336689, 0.19327695477195206, 3.122617489197595, 0.2945363447052616, -0.0028361022896346453

-0.21508883163841327, 0.46641667451191743, 0.19327695477195206, 3.0088110958236114, -0.8845625415185495, 0.0002899494743736648



0 degress
Joint State: [-1.4825952688800257, -1.55037002012644, 2.5089641253100794, 3.776845617885254, -1.5674737135516565, -0.6004284063922327]
TCP Pose:  [-0.2139215029861635, 0.440653398609637, 0.20615297298152302, 2.933416444790821, 1.0590506183774688, -0.009237691249748912]


25 degrees
Joint State: [-1.4825952688800257, -1.5503355108997603, 2.5089243094073694, 3.7768851953693847, -1.567427937184469, 0.15478314459323883]
TCP Pose:  [-0.21392851068451746, 0.4406723894625344, 0.2061502689249597, 3.116621284782196, -0.09708042112522924, 0.004481176208396769]
30 degress
Joint State: [-1.4825542608844202, -1.5872937641539515, 2.4966874758349817, 3.8260504442402343, -1.567314926777975, 0.04698841646313667]
TCP Pose:  [-0.21392097606688942, 0.44066612841369457, 0.22290090526725392, 3.117243230320073, 0.07073812871560807, 0.002540436374030247]

60 degrees
Joint State: [-1.4892132917987269, -1.5368955110064526, 2.488178555165426, 3.77879445135083, -1.5644753615008753, 1.2326889038085938]
TCP Pose:  [-0.21236265377950755, 0.4542903780788308, 0.20897239761914504, 2.6254599732826023, -1.6954768453746223, 0.013787027368462133]

